Multiple size <= 100
TEST 1 ARG:17 43 40 33 99 20 4 90 35 11 72 36 91 47 13 49 81 9 19 56 95 87 7 51 64 8 59 18 55 97 82 15 6 2 28 80 85 67 86 89 73 39 27 61 22 41 77 10 76 1 30 24 23 52 53 3 38 96 57 45 71 54 70 26 29 21 58 68 69 42 16 74 62 78 12 50 44 63 94 92 66 34 31 46 14 5 60 0 84 98 48 37 25 65 83 88 79 32 93 75
TEST 2 ARG:9 45 93 57 83 74 55 39 42 38 76 49 23 66 15 35 44 52 16 59 14 54 82 81 32 62 50 75 51 13 60 31 65 11 91 6 25 86 58 3 33 90 21 84 94 70 43 79 34 72 67 1 40 8 4 69 92 87 5 95 46 7 19 17 64 97 18 41 88 89 98 12 36 26 29 99 68 47 48 30 2 61 96 78 28 80 20 63 22 77 0 37 27 71 85 10 53 56 73 24
TEST 3 ARG:93 32 78 87 90 42 36 25 27 41 73 0 1 81 99 71 31 69 91 20 79 21 57 92 94 13 89 18 29 47 54 34 17 74 37 66 44 10 15 7 82 58 45 39 61 28 4 49 96 38 95 51 84 50 63 3 16 65 75 40 26 52 64 46 72 60 70 80 48 76 12 77 55 53 67 30 83 23 6 11 33 5 62 9 22 56 43 8 88 97 86 59 19 85 68 98 14 24 2 35
TEST 4 ARG:18 75 82 79 46 67 53 74 11 56 89 70 23 10 31 14 2 86 94 66 12 57 21 90 0 45 68 77 99 37 17 28 9 30 97 78 7 42 6 48 80 87 26 20 29 60 72 73 50 16 47 1 64 5 8 13 69 81 55 36 65 63 61 91 84 85 92 95 93 35 22 88 25 24 52 58 15 51 54 41 71 44 27 76 4 19 96 39 49 32 3 34 43 38 59 83 98 33 62 40
TEST 5 ARG:13 2 11 33 94 96 66 53 89 83 86 21 68 22 90 20 72 7 78 31 35 52 10 55 3 45 43 25 26 29 64 87 23 19 12 5 58 62 71 24 74 73 46 69 61 27 54 57 56 48 42 51 0 81 4 99 76 85 15 59 32 60 80 97 70 75 50 8 79 77 14 1 9 95 91 49 37 63 98 84 17 16 67 30 6 93 88 38 65 39 28 40 92 47 41 18 34 36 82 44
TEST 6 ARG:65 4 0 14 39 27 93 73 17 91 83 70 55 74 19 30 95 48 59 23 43 75 8 49 33 46 15 13 21 94 89 52 45 2 42 24 26 61 36 71 87 10 47 32 35 16 63 3 88 9 80 31 84 67 68 99 86 12 34 51 98 25 82 1 96 58 29 11 53 44 22 72 76 62 97 18 6 92 60 64 81 57 77 54 20 90 66 40 69 85 38 41 78 79 37 50 28 7 56 5
TEST 7 ARG:64 10 81 95 89 86 5 1 91 77 47 53 92 96 11 87 57 38 21 80 35 62 61 79 58 48 45 22 28 34 32 17 25 23 88 50 72 44 6 55 82 93 20 75 56 59 27 54 39 4 3 49 71 29 36 13 67 66 78 83 76 16 60 43 19 40 90 41 94 63 73 99 14 30 46 74 97 65 33 51 52 18 85 31 37 0 68 42 15 7 24 98 69 9 12 70 84 26 2 8
TEST 8 ARG:48 53 52 3 96 88 83 17 70 15 56 41 16 54 46 66 37 14 25 79 89 59 18 4 87 95 36 93 99 21 94 65 39 35 50 24 44 85 80 10 34 90 91 60 8 97 43 45 9 49 11 63 2 74 22 82 47 13 92 98 68 62 51 71 40 77 67 78 28 6 69 42 84 61 0 29 58 73 23 26 72 38 86 75 12 31 7 76 30 27 57 64 32 1 19 33 5 20 55 81
TEST 9 ARG:5 89 46 86 44 80 42 66 82 87 96 7 72 15 59 11 3 14 73 0 56 64 1 85 62 76 98 45 23 90 60 54 63 36 51 22 4 53 61 17 55 57 68 20 18 65 75 35 77 94 67 50 84 47 25 52 10 31 19 81 9 37 41 74 99 79 83 33 29 2 43 78 6 71 58 12 91 49 39 30 16 21 34 70 8 92 38 28 97 95 13 26 24 32 69 93 40 88 27 48
TEST 10 ARG:55 60 87 17 70 56 8 26 48 5 46 67 74 31 47 22 80 97 54 36 16 81 24 14 15 33 69 18 91 92 1 45 23 96 93 73 52 59 25 68 71 0 43 94 82 57 88 32 84 9 12 77 95 28 38 61 10 2 66 21 44 64 58 35 90 39 85 42 30 62 34 78 83 20 76 13 6 72 79 51 11 89 7 3 99 4 65 63 49 41 53 40 75 86 37 29 50 19 27 98
TEST 11 ARG:56 59 27 25 87 63 35 16 40 60 64 42 55 26 67 53 94 30 22 31 85 23 13 92 50 20 70 2 48 12 32 10 49 81 88 89 99 57 95 0 97 93 18 84 37 36 98 14 82 17 33 19 24 45 80 71 7 21 74 1 15 47 4 38 34 90 51 75 79 66 68 52 54 78 43 39 44 91 86 83 72 3 76 61 6 62 46 29 65 28 41 8 69 96 77 73 5 58 9 11
TEST 12 ARG:79 88 35 14 30 27 70 94 58 91 15 57 51 3 98 21 72 82 44 71 49 59 20 46 41 45 75 0 78 33 77 53 55 34 29 36 56 12 89 50 25 4 5 68 42 93 67 43 96 80 10 95 84 17 11 48 60 85 6 54 37 1 8 7 63 87 28 16 52 69 32 13 61 99 23 38 18 74 2 40 66 76 19 83 26 65 22 90 24 31 86 97 9 73 39 92 64 62 81 47
TEST 13 ARG:92 59 24 37 99 78 30 60 18 23 28 0 53 44 89 20 97 19 43 7 72 91 51 48 68 4 26 74 13 41 1 77 22 29 69 96 84 31 71 47 73 56 81 45 67 85 52 98 25 55 80 40 58 94 39 70 42 9 75 21 87 65 17 3 62 50 83 32 12 5 46 11 86 76 14 2 63 35 6 64 15 88 49 10 57 54 34 61 66 93 90 79 33 38 36 27 95 8 16 82
TEST 14 ARG:41 62 90 76 82 65 91 58 50 84 71 39 44 81 52 14 13 32 56 28 88 37 15 72 69 51 2 9 73 79 74 4 48 94 16 80 34 98 93 27 7 18 0 70 35 46 86 99 57 49 33 30 23 95 21 45 59 12 38 17 31 20 5 77 66 19 60 11 1 89 63 25 36 22 3 54 24 87 40 78 53 43 47 67 68 83 8 29 75 85 96 42 61 64 55 6 97 92 26 10
TEST 15 ARG:53 42 12 43 58 2 94 67 97 59 11 93 32 49 28 29 72 34 65 0 81 9 51 44 10 15 22 46 21 99 48 56 79 25 4 30 92 60 41 20 86 96 74 8 39 26 3 77 45 40 17 68 61 66 90 76 52 69 64 55 27 73 18 19 24 14 87 47 7 63 33 31 98 37 78 13 36 35 57 91 88 75 1 38 6 95 5 80 50 83 23 71 84 70 54 85 89 16 82 62
TEST 16 ARG:98 45 60 15 53 72 80 32 76 46 36 90 97 19 30 28 96 81 64 79 65 49 24 89 23 39 83 27 85 35 51 2 3 20 9 92 63 41 57 70 59 77 0 71 88 86 74 43 7 22 82 5 56 31 34 40 50 10 14 55 29 13 78 25 17 95 37 99 4 21 68 67 1 54 18 94 11 75 93 58 87 91 26 44 8 84 47 61 38 62 33 16 52 73 69 66 42 48 12 6
TEST 17 ARG:50 23 58 15 94 31 62 39 29 84 41 65 51 61 95 71 70 78 87 56 48 85 81 8 13 88 86 6 30 18 19 54 40 37 63 4 91 72 69 55 77 96 17 22 80 93 89 35 97 66 90 12 28 21 43 42 57 2 44 92 26 46 5 99 0 33 25 32 3 27 64 20 75 52 36 45 73 11 47 9 10 82 68 60 67 16 76 38 14 79 1 34 24 83 53 49 74 7 59 98
TEST 18 ARG:15 31 99 14 19 71 68 4 92 18 85 24 83 80 82 50 17 74 29 84 25 37 36 38 28 47 62 26 57 23 96 75 77 16 49 21 95 9 43 94 48 5 90 35 3 53 12 69 34 45 0 60 52 32 61 27 65 67 55 93 22 33 86 76 64 51 42 97 13 87 56 11 54 2 73 98 20 66 88 39 40 79 6 81 70 30 89 10 58 78 59 1 8 41 91 7 63 46 72 44
TEST 19 ARG:99 11 84 49 36 19 78 98 94 89 56 53 81 34 66 8 4 37 27 21 47 65 76 31 17 26 15 50 3 38 82 91 77 16 69 59 87 1 30 68 74 58 42 35 92 75 79 9 97 83 88 7 70 80 67 10 52 20 2 90 96 6 60 86 40 39 95 61 72 33 43 51 12 24 85 48 14 44 41 54 18 45 93 63 0 32 28 22 25 57 5 13 55 46 64 62 29 73 71 23
TEST 20 ARG:50 36 15 19 57 69 10 29 83 64 4 1 24 98 82 84 95 18 68 66 96 62 75 72 41 34 77 7 86 93 90 13 92 43 2 6 67 23 59 17 49 40 0 16 91 8 27 53 26 54 99 38 87 9 89 31 88 14 32 55 61 42 63 46 74 33 60 73 3 45 71 48 22 76 30 70 52 56 58 12 37 94 11 44 97 85 79 28 39 80 35 5 25 51 81 65 78 20 47 21
TEST 21 ARG:36 64 45 94 65 86 55 69 75 90 39 53 66 67 91 79 15 77 13 2 78 83 9 34 92 71 6 29 31 43 47 12 52 41 22 98 80 81 25 38 5 89 48 28 72 85 33 18 56 99 54 40 42 4 11 35 63 93 58 97 19 50 59 3 14 46 96 84 88 68 73 17 26 8 24 30 62 70 0 51 60 16 7 49 57 44 27 37 20 95 61 76 1 21 82 23 32 10 74 87
TEST 22 ARG:6 89 42 44 30 67 52 81 68 57 49 88 25 87 18 38 62 14 24 98 27 26 51 66 97 4 84 1 33 39 36 2 8 99 43 13 75 95 9 35 15 63 37 94 34 61 32 86 0 45 64 85 56 93 31 90 40 82 19 7 11 65 58 10 21 60 70 53 20 77 12 16 22 79 41 76 71 29 28 23 74 83 59 48 3 73 5 78 17 96 46 50 47 69 91 55 92 80 72 54
TEST 23 ARG:55 59 93 49 7 40 10 92 28 48 86 68 85 89 24 69 47 76 56 60 37 54 35 15 18 46 20 45 14 22 4 34 97 0 43 31 96 2 19 87 25 66 5 39 52 9 79 73 81 30 53 77 80 78 75 61 83 88 91 63 57 27 51 62 44 99 94 98 21 23 42 26 13 74 1 33 84 8 17 71 38 90 41 65 95 16 3 50 82 36 32 58 72 12 70 29 64 67 6 11
TEST 24 ARG:73 83 34 56 93 77 89 79 22 91 35 26 55 36 80 50 5 78 7 3 61 4 20 29 13 16 52 87 40 41 38 12 8 30 18 71 68 28 43 47 82 0 60 94 33 86 27 58 90 64 54 88 37 69 32 76 48 99 39 74 45 6 44 31 72 21 63 67 24 15 62 65 85 42 59 95 66 70 19 96 57 25 84 10 1 75 2 51 81 14 92 11 46 17 98 97 9 49 53 23
TEST 25 ARG:75 57 36 99 5 42 59 85 76 32 86 23 9 25 8 17 2 60 0 97 87 29 74 63 51 73 6 50 41 40 14 1 34 65 64 82 72 70 16 84 48 21 4 3 7 24 47 69 79 33 77 26 83 44 38 54 98 96 30 39 35 45 31 78 43 27 12 90 89 28 10 94 15 55 18 11 49 68 61 66 80 92 56 91 13 52 20 19 37 67 46 53 22 62 88 81 93 58 95 71
TEST 26 ARG:28 60 6 76 94 36 85 42 83 41 3 33 0 55 9 63 64 20 49 78 13 47 38 95 84 5 4 87 30 52 26 70 51 97 32 8 16 54 56 72 14 79 69 91 58 62 27 15 2 99 7 65 37 21 82 18 66 17 29 1 57 89 25 11 35 19 77 45 93 40 10 81 53 48 90 44 39 61 46 74 67 98 23 73 96 43 34 92 80 88 75 31 68 86 71 22 12 59 24 50
TEST 27 ARG:41 90 6 95 2 31 42 59 33 12 14 81 58 40 85 80 77 45 82 52 13 32 38 57 15 79 16 3 24 11 29 91 10 35 51 93 5 34 84 20 4 54 30 89 63 75 92 26 64 19 25 27 78 61 69 86 17 94 37 44 87 66 68 22 72 9 7 76 71 36 0 43 28 70 55 23 49 47 21 62 98 8 39 96 48 46 99 74 50 1 18 73 60 53 88 65 67 83 97 56
TEST 28 ARG:78 30 33 96 67 97 76 21 72 74 10 5 65 63 23 15 22 75 79 70 84 62 27 57 61 34 31 24 29 12 56 53 86 2 37 3 17 41 82 48 0 14 36 42 94 9 52 46 91 49 90 81 89 47 50 98 85 66 1 60 99 77 88 93 11 19 68 83 18 44 43 7 59 38 64 40 51 95 25 87 35 54 39 6 55 16 4 73 71 69 26 45 28 13 80 8 20 32 58 92
TEST 29 ARG:97 63 52 69 94 49 45 84 91 62 73 80 31 16 67 5 86 92 36 33 51 11 3 37 1 28 25 93 57 82 70 24 85 55 96 58 2 17 53 64 90 23 15 43 60 8 38 87 41 21 75 12 56 10 35 74 78 30 34 46 9 68 83 0 44 88 6 76 47 71 40 77 48 42 79 81 27 29 7 26 32 95 22 20 13 19 59 61 99 39 98 4 18 65 66 50 89 54 72 14
TEST 30 ARG:4 47 34 40 14 8 89 75 97 13 45 20 21 91 72 88 59 10 56 0 42 87 93 1 36 92 29 64 52 30 9 48 49 77 74 17 86 78 66 54 68 85 35 62 18 23 19 46 58 44 69 65 22 84 83 90 11 82 28 53 95 27 81 51 32 33 43 60 25 41 63 50 3 39 76 26 31 12 80 37 99 15 38 98 7 71 55 67 2 73 24 16 94 79 61 5 96 70 57 6
TEST 31 ARG:0 75 87 58 38 13 54 69 25 97 53 39 60 3 93 83 98 29 22 17 71 99 70 16 14 96 50 18 40 2 48 28 55 4 34 76 35 33 66 37 84 26 56 81 21 80 63 19 46 59 24 5 23 6 65 57 90 27 79 86 10 82 20 77 61 94 8 95 41 78 32 1 74 68 73 12 45 91 92 9 89 44 72 88 47 52 42 49 7 67 11 62 36 15 43 31 85 64 51 30
TEST 32 ARG:22 56 19 68 96 16 23 35 63 46 85 89 40 54 92 8 70 84 75 47 24 57 94 6 36 14 13 2 17 31 98 18 30 27 69 42 1 41 7 67 78 4 32 9 72 25 33 88 29 93 52 43 97 74 90 49 11 83 59 15 3 45 80 34 38 62 28 55 10 71 95 81 53 65 61 79 86 64 51 91 12 48 60 66 20 58 0 39 44 76 77 99 37 87 21 26 82 73 5 50
TEST 33 ARG:30 2 49 45 83 90 97 96 99 55 88 82 74 56 10 26 61 69 25 36 15 52 59 23 78 60 3 47 5 14 72 4 94 21 46 9 40 67 63 29 75 68 86 22 19 33 91 43 80 89 24 51 18 41 7 71 50 48 98 57 35 31 44 27 42 92 0 76 8 32 65 64 87 62 79 54 38 11 1 39 12 66 20 58 70 13 17 93 16 95 84 37 53 77 6 81 73 34 28 85
TEST 34 ARG:14 76 16 37 0 27 91 29 70 60 58 51 63 66 50 94 83 97 35 33 62 55 82 72 19 86 44 48 52 26 84 54 22 36 81 45 71 67 74 89 2 68 4 64 28 11 10 43 24 46 42 47 32 78 18 39 77 3 40 9 92 15 59 30 49 5 56 25 90 85 6 79 95 99 65 98 1 17 93 69 34 21 41 13 20 96 12 87 57 31 8 80 23 73 53 7 75 38 88 61
TEST 35 ARG:89 36 63 90 43 46 34 69 39 85 86 64 80 94 3 45 56 75 21 15 65 41 61 97 62 53 27 70 33 20 40 12 73 17 76 2 49 47 82 42 87 83 31 58 52 1 30 91 48 18 66 16 29 92 22 28 24 51 68 72 26 78 8 88 99 9 98 23 54 6 4 71 37 35 14 11 74 5 13 60 50 67 38 32 77 0 44 7 93 95 79 84 81 96 19 10 57 25 59 55
TEST 36 ARG:58 65 14 61 26 33 52 71 49 62 81 96 68 28 44 56 97 48 77 79 0 63 37 32 72 90 12 59 23 87 2 98 54 35 53 75 51 57 86 20 27 76 15 6 73 55 40 7 11 22 41 66 18 45 83 64 38 94 21 13 47 9 92 39 95 17 42 43 99 25 34 24 31 93 4 91 84 78 88 89 70 36 8 10 82 69 46 1 80 74 29 19 5 50 3 67 16 60 85 30
TEST 37 ARG:83 88 66 53 81 84 11 68 95 96 63 13 90 28 45 46 58 16 62 48 7 37 25 6 15 29 40 47 39 92 21 3 38 59 76 54 4 22 26 12 20 51 75 43 99 31 64 34 82 44 41 93 60 61 87 77 73 89 94 97 10 55 24 2 1 9 30 49 71 69 35 72 70 27 50 56 74 0 85 52 79 65 23 67 86 32 17 42 80 78 14 8 98 57 18 36 19 91 5 33
TEST 38 ARG:60 84 86 56 85 53 55 92 68 79 21 83 50 88 89 73 71 20 54 76 28 45 32 16 26 90 37 57 97 43 14 67 31 49 64 39 59 94 2 62 17 24 9 4 44 5 65 81 78 74 19 51 33 52 0 7 40 87 69 29 12 82 75 66 34 93 98 96 36 30 63 95 77 58 41 70 6 80 8 46 72 23 10 35 22 48 27 11 99 61 47 13 25 18 1 42 3 38 91 15
TEST 39 ARG:77 22 8 26 24 70 48 82 31 72 47 99 85 60 66 64 98 89 93 76 9 69 68 52 50 41 19 15 17 87 44 59 75 12 67 65 14 51 43 29 97 81 4 7 55 78 45 3 20 90 61 18 1 95 30 86 11 32 21 94 96 34 54 35 56 73 74 57 16 0 23 63 71 36 83 79 40 42 46 10 39 28 53 6 38 49 33 25 84 2 27 5 92 13 88 62 58 80 91 37
TEST 40 ARG:30 2 26 65 75 38 93 37 10 22 72 35 9 25 76 11 98 21 7 73 97 96 4 94 46 16 49 80 0 85 82 60 64 91 90 20 27 50 87 54 88 8 59 3 86 71 99 40 19 62 6 36 44 57 47 74 52 32 53 58 13 1 33 89 43 29 45 92 51 34 15 81 41 56 14 5 77 95 55 78 12 69 83 39 23 63 48 68 17 67 42 61 31 66 84 70 18 79 28 24
TEST 41 ARG:8 41 58 31 51 71 1 6 24 61 29 52 53 38 7 5 91 90 47 63 59 11 22 80 75 66 99 89 62 83 2 30 55 16 23 94 26 0 85 36 3 78 44 34 64 81 25 79 96 56 43 97 20 82 15 57 18 27 86 13 48 50 46 68 76 95 35 88 45 28 17 72 14 12 92 33 87 42 67 70 54 93 37 39 73 84 65 49 21 60 9 19 40 77 4 10 74 69 32 98
TEST 42 ARG:96 0 33 50 92 60 76 37 66 70 63 52 99 8 9 29 36 46 57 2 65 83 35 20 32 59 44 82 27 81 48 19 25 95 84 64 3 54 22 67 90 91 80 34 71 21 41 73 86 78 28 45 94 5 26 11 79 17 97 88 16 47 14 13 49 6 39 98 72 68 85 23 51 61 77 7 24 55 1 75 42 56 15 87 43 53 30 38 12 10 58 93 69 31 62 74 18 89 40 4
TEST 43 ARG:47 73 30 93 63 32 57 82 84 52 75 91 43 48 29 45 11 87 46 99 80 58 24 77 5 41 25 28 13 21 56 19 4 74 14 26 12 96 31 69 97 71 66 36 6 34 60 38 37 54 8 42 27 81 90 95 17 94 88 51 20 22 85 44 61 15 68 70 1 86 18 59 55 33 10 35 50 64 89 53 98 39 65 3 9 49 2 7 23 40 67 0 72 16 76 78 62 83 92 79
TEST 44 ARG:96 69 25 97 0 27 50 41 19 64 43 65 22 57 32 87 75 59 42 7 56 68 44 40 15 47 53 36 23 93 76 31 16 11 17 38 80 79 51 62 18 49 55 84 29 73 67 37 21 24 58 28 85 77 60 14 81 86 71 45 33 3 78 88 1 94 6 91 35 63 20 72 2 74 26 12 9 61 99 10 95 92 39 66 89 48 8 4 5 82 83 13 34 30 98 90 70 46 52 54
TEST 45 ARG:40 29 68 15 54 18 81 75 92 98 55 57 73 56 80 60 0 28 35 90 3 94 74 70 16 41 53 17 86 49 33 77 97 82 26 31 21 76 93 59 7 12 72 87 99 44 34 5 63 47 11 38 30 2 39 96 51 95 20 52 65 84 10 24 8 6 42 13 45 23 14 22 85 67 88 37 64 71 91 32 46 69 48 78 43 1 4 27 58 19 62 79 36 50 25 61 83 66 9 89
TEST 46 ARG:55 46 6 47 31 30 1 72 8 19 5 59 10 21 11 53 61 43 89 29 34 70 82 74 60 91 18 93 54 67 45 36 52 98 24 17 73 42 9 13 85 77 14 33 90 58 57 56 83 32 0 40 16 3 97 25 69 48 22 75 63 27 50 15 78 4 20 26 41 86 76 65 79 99 71 39 7 49 95 87 84 96 23 64 88 68 92 94 44 51 81 38 37 12 2 28 80 66 35 62
TEST 47 ARG:0 26 83 19 25 13 49 29 1 58 88 72 57 82 8 50 53 37 68 94 2 11 87 69 54 99 80 22 47 66 84 60 64 42 46 70 92 3 44 77 63 48 61 41 89 79 86 62 4 91 95 65 18 5 34 9 43 56 7 96 12 55 67 59 97 17 39 21 71 45 27 20 74 16 81 73 6 52 10 40 85 90 76 30 32 51 28 23 31 33 38 75 98 78 14 35 15 24 36 93
TEST 48 ARG:12 99 46 75 27 18 69 16 6 71 67 26 42 90 40 7 13 91 44 25 47 63 85 58 61 10 95 82 49 73 20 80 96 94 36 45 34 14 4 8 70 5 11 76 31 66 57 62 37 77 92 60 65 64 28 54 88 93 33 52 86 35 84 43 22 1 68 78 0 3 51 2 87 55 83 97 48 56 29 53 72 21 32 30 17 41 81 23 24 19 74 15 79 38 59 98 9 50 39 89
TEST 49 ARG:99 21 34 50 31 91 74 2 90 86 27 7 56 15 54 63 35 36 92 97 64 55 89 45 40 23 70 9 62 42 87 52 37 72 8 48 95 16 76 79 80 66 13 17 67 53 25 49 44 1 61 12 20 3 18 60 5 51 39 82 94 68 81 30 46 77 0 28 58 41 47 85 19 10 6 26 84 22 98 14 57 38 96 83 88 71 78 43 11 73 93 33 29 24 65 4 75 69 32 59
TEST 50 ARG:11 55 97 87 45 12 74 21 84 38 73 63 65 37 96 19 15 72 20 54 48 93 16 35 83 49 26 8 28 47 25 43 18 77 88 31 50 52 39 99 58 36 17 86 51 40 70 89 29 41 46 4 64 9 94 22 85 69 81 24 62 95 59 34 92 10 0 91 57 3 2 90 53 68 30 56 67 23 13 71 44 1 61 98 75 60 80 5 79 76 33 66 27 14 6 32 7 42 82 78
TEST 51 ARG:42 20 87 24 36 18 65 80 48 93 61 9 11 21 47 69 45 2 89 22 25 10 57 72 35 51 91 38 56 76 30 3 95 66 27 83 49 86 46 63 92 68 60 52 98 90 33 99 14 31 6 4 50 82 62 73 84 26 40 19 67 81 44 77 32 23 39 13 1 74 78 94 53 43 79 0 71 41 75 59 5 17 55 64 16 28 8 58 29 34 15 96 37 12 7 54 88 70 85 97
TEST 52 ARG:6 92 72 11 10 23 38 35 54 49 95 74 70 2 85 0 52 66 43 1 55 40 47 56 67 63 34 29 83 5 81 25 48 18 99 71 44 7 39 61 79 93 65 98 24 32 20 21 96 17 19 30 53 82 51 36 4 90 12 60 68 27 31 14 62 33 15 78 86 28 8 50 97 76 57 3 84 26 37 45 88 59 13 77 16 89 64 22 94 41 42 9 91 80 58 69 73 75 46 87
TEST 53 ARG:98 99 39 5 94 64 0 97 85 3 46 95 38 32 23 41 91 43 79 81 73 40 55 62 16 42 36 1 8 25 63 67 35 52 71 27 57 29 74 88 53 87 70 30 82 68 96 86 66 7 28 34 20 18 59 17 92 83 60 84 77 54 56 10 49 80 44 72 6 31 51 2 24 58 90 89 76 45 11 4 12 26 69 93 22 19 65 13 47 75 14 21 78 61 9 48 37 50 33 15
TEST 54 ARG:76 93 7 23 59 47 92 71 10 68 66 44 16 51 0 4 60 54 48 70 83 84 11 32 31 18 39 21 34 9 72 43 36 13 42 5 90 77 25 29 69 40 45 88 65 64 81 95 80 57 58 85 6 91 17 20 19 98 99 35 96 41 26 55 78 89 2 37 28 14 1 82 52 49 3 62 61 63 86 30 97 73 74 33 56 8 53 24 75 94 46 15 12 38 79 87 22 67 27 50
TEST 55 ARG:53 60 95 93 16 11 14 36 73 66 41 22 40 1 6 49 78 42 39 18 24 84 76 31 50 48 5 28 45 27 23 94 9 64 20 44 37 8 90 59 58 43 88 57 55 71 29 63 19 70 62 33 65 25 46 77 97 54 79 87 21 3 30 82 67 10 69 91 35 0 26 98 56 83 51 99 74 47 80 92 72 32 75 68 13 34 12 61 52 86 89 96 2 17 81 85 4 38 7 15
TEST 56 ARG:18 43 98 35 97 20 10 57 5 73 37 36 75 8 46 92 79 93 99 60 34 24 87 58 15 4 64 40 50 84 13 82 70 76 52 72 17 67 69 74 28 91 55 16 14 22 23 7 39 32 41 6 96 62 2 38 48 65 26 88 47 66 77 9 0 19 56 53 89 86 21 49 1 94 83 30 42 27 51 78 80 29 95 25 71 61 81 90 11 68 31 85 45 12 59 44 3 63 54 33
TEST 57 ARG:86 5 45 76 53 27 87 83 50 54 43 8 38 3 39 35 90 61 98 2 10 64 88 92 77 15 99 66 29 28 62 24 67 91 63 78 72 18 6 79 89 16 42 33 32 31 37 52 94 75 96 59 0 81 46 20 25 11 58 23 82 34 68 1 17 21 47 57 30 85 70 55 44 9 80 12 73 56 97 71 69 40 49 36 7 48 13 22 65 4 74 84 19 51 93 26 14 41 95 60
TEST 58 ARG:97 43 30 33 63 54 12 18 92 68 93 35 0 27 28 20 96 26 10 24 61 73 82 51 38 50 85 55 49 74 53 66 1 52 65 19 77 8 89 13 48 40 83 87 41 14 59 2 29 86 42 62 76 91 47 4 15 78 5 6 69 46 36 98 9 23 7 90 16 56 84 31 71 17 79 67 58 37 80 3 34 72 60 45 99 57 88 44 32 25 95 94 75 81 70 64 21 39 22 11
TEST 59 ARG:68 17 49 36 9 81 27 42 48 22 90 54 64 4 91 66 12 33 28 21 87 63 78 11 35 73 61 41 72 20 32 23 62 8 60 39 13 86 59 1 19 99 83 89 2 29 50 57 14 71 98 84 67 5 30 80 52 44 55 88 85 18 77 69 65 51 58 82 15 46 96 79 53 94 7 93 6 43 56 38 97 92 24 75 0 3 76 25 26 16 45 10 47 37 70 40 31 95 34 74
TEST 60 ARG:9 57 95 76 59 0 11 67 17 58 37 18 46 88 6 60 10 22 25 24 96 75 2 54 41 19 56 13 94 68 52 90 62 36 35 42 48 5 92 69 44 28 72 1 87 66 51 55 39 38 16 20 29 34 79 43 50 15 32 74 40 98 23 64 71 70 93 97 86 14 84 63 12 30 31 45 85 61 53 3 8 78 81 89 83 4 21 47 33 26 49 65 73 77 80 27 99 82 91 7
TEST 61 ARG:99 42 96 27 0 25 98 35 41 92 53 86 71 5 69 82 6 66 10 44 81 90 67 24 21 23 88 38 85 55 87 37 7 93 59 49 78 75 31 11 94 43 45 32 50 39 83 18 65 54 72 79 68 20 56 63 46 84 1 73 97 62 91 60 30 4 48 40 17 57 9 64 14 36 34 52 89 3 33 26 58 95 22 29 61 74 13 77 28 80 70 47 15 19 2 76 12 8 16 51
TEST 62 ARG:47 86 67 54 32 76 58 8 16 59 17 69 12 85 84 97 39 10 33 14 82 25 27 30 44 64 57 20 29 89 15 40 73 51 83 35 72 31 13 19 48 5 7 75 95 55 36 65 18 46 79 2 62 0 87 98 42 4 26 93 52 34 3 43 70 21 6 23 63 92 88 1 49 91 9 60 90 66 81 99 22 53 56 38 61 45 77 50 78 96 37 41 11 74 28 94 68 80 71 24
TEST 63 ARG:79 9 91 10 18 62 2 48 89 80 97 95 57 4 67 72 19 84 86 47 22 50 85 24 59 60 11 76 0 33 98 26 82 52 28 69 81 88 70 38 3 20 99 7 36 73 64 25 46 49 56 61 5 71 42 51 87 66 37 34 32 31 44 1 54 16 39 14 65 15 53 35 8 96 41 55 17 45 21 30 63 90 6 77 75 29 13 94 93 40 68 78 83 23 58 12 92 74 27 43
TEST 64 ARG:56 23 12 52 80 70 61 87 63 31 13 51 60 91 24 69 49 16 1 64 79 65 7 44 19 53 25 84 37 29 40 22 9 71 15 27 99 2 86 20 55 38 74 33 26 35 93 11 94 5 73 34 90 97 43 3 62 57 47 6 36 50 32 58 89 42 96 46 54 76 28 81 78 48 92 88 17 72 18 75 39 95 0 4 21 77 83 59 98 8 67 68 45 82 85 41 14 30 66 10
